45
785
975
190
399
19
781
529
429
646
330
686
417
118
290
524
385
131
155
770
913
26
572
993
272
533
315
457
804
855
416
358
636
846
212
396
39
902
216
57
450
407
79
264
351
318
492
213
513
479
602
988
540
638
863
305
576
561
946
917
88
156
698
708
48
790
222
49
613
923
869
256
373
458
402
94
201
778
146
974
235
254
853
289
789
921
80
934
371
558
511
200
319
547
283
494
484
504
409
211
370
363
332
940
346
225
755
173
600
615
984
525
972
415
462
160
912
798
261
816
684
623
59
193
956
899
666
520
51
630
421
423
206
773
72
992
968
418
263
24
181
117
573
54
137
518
432
930
140
999
120
745
750
329
862
443
589
27
33
66
233
705
847
860
238
220
640
440
904
64
743
422
624
918
217
99
556
730
505
897
108
32
182
882
550
251
30
559
982
116
195
381
390
604
723
645
491
302
20
655
590
334
52
444
880
852
758
445
870
799
733
829
587
386
357
134
806
284
500
141
908
223
277
920
105
577
731
942
906
664
957
395
965
36
288
928
994
164
652
384
18
820
838
97
911
752
729
75
632
187
362
995
481
958
245
689
534
113
4
837
93
512
159
124
129
163
720
361
299
515
722
161
280
566
428
338
886
678
167
568
616
775
279
845
472
488
726
8
497
671
677
431
242
461
676
9
635
543
367
817
694
774
874
792
243
92
281
768
760
757
724
150
828
555
690
647
436
306
339
924
528
352
599
413
321
800
448
446
257
508
669
691
127
204
95
112
537
801
253
966
71
168
552
170
971
718
398
721
7
765
955
310
659
44
130
291
76
830
37
224
625
197
779
641
60
226
551
660
485
165
147
191
365
84
408
451
715
331
258
592
788
832
378
63
498
493
890
951
895
697
840
469
738
903
109
834
194
943
354
135
584
475
58
260
803
970
56
663
46
456
997
719
326
695
833
312
989
699
935
849
767
818
939
86
144
271
593
186
467
85
628
434
240
327
301
455
732
527
152
34
151
406
762
345
463
643
122
43
709
884
964
523
915
735
538
119
210
888
901
379
228
74
139
368
480
563
447
620
546
683
769
644
936
611
344
252
311
627
916
375
174
649
854
780
138
926
22
553
300
273
149
335
278
359
77
411
650
856
218
656
47
784
885
739
521
967
343
734
791
881
247
295
702
865
548
802
87
714
591
810
125
996
883
707
297
896
878
594
749
325
531
821
336
83
657
831
401
221
389
23
177
499
717
506
41
244
580
751
246
796
932
541
196
14
316
382
700
522
388
40
662
366
38
948
900
188
404
756
937
535
549
859
237
728
565
976
610
11
919
679
292
5
178
509
805
530
626
978
185
148
337
824
176
585
875
101
507
873
925
68
350
617
578
661
787
441
82
169
192
744
668
133
322
503
10
823
67
145
465
672
29
983
269
741
583
486
349
776
454
898
581
570
171
15
740
685
815
526
510
864
608
90
380
905
414
285
265
307
941
313
622
674
430
867
21
419
387
571
567
725
420
665
554
239
433
424
489
727
275
961
843
248
296
502
861
50
891
887
184
303
323
763
542
909
795
328
825
476
606
544
234
648
42
25
588
106
605
452
266
348
848
927
227
355
259
241
55
360
219
490
286
539
711
209
268
772
766
466
376
582
938
425
827
569
851
706
158
393
28
575
61
126
609
562
100
631
586
255
483
579
17
736
969
115
822
894
78
282
737
1000
777
136
945
482
682
65
342
959
180
857
309
229
764
107
394
607
633
944
405
844
410
314
836
670
826
704
742
439
892
198
808
614
383
294
814
214
474
392
931
794
748
391
53
232
519
771
979
468
262
495
1
603
639
81
675
952
598
532
477
347
973
872
62
470
317
985
121
933
356
459
153
953
250
947
427
364
175
114
6
142
31
696
793
449
703
230
560
189
637
701
341
759
564
16
143
629
990
154
464
157
574
753
437
13
412
438
687
876
487
877
73
889
950
207
453
236
980
693
839
496
786
276
858
298
850
308
612
320
70
132
597
716
618
871
866
231
842
91
208
199
754
910
667
747
651
653
2
501
809
595
797
634
333
710
166
372
688
89
536
981
673
123
619
96
478
397
642
98
249
324
783
471
712
110
977
963
782
460
998
986
287
987
353
819
907
713
962
681
128
205
680
960
442
746
203
274
954
400
914
202
69
179
183
403
270
991
516
922
692
426
517
12
879
761
929
374
35
340
545
621
162
369
104
813
111
596
654
473
102
3
215
811
658
601
893
103
812
841
267
293
949
557
377
172
835
868
514
435
304
807