938
2864
727
1712
3333
4526
3545
883
3694
2229
2048
2247
3123
981
3267
567
1265
2269
3796
2207
3123
4237
3031
718
3087
66
3732
4970
2351
1680
856
3796
3622
57
1164
4865
3176
530
4121
741
3320
723
4697
3087
3902
2475
560
3135
2279
2741
938
3793
3957
3599
615
2509
535
4565
3176
2374
2994
1779
4024
698
3209
3095
4479
1917
4085
4163
957
3214
4386
4420
334
3464
3198
346
664
1879
4195
2495
3388
1589
4252
4332
3191
4123
4363
1569
248
4770
34
1802
868
4326
3137
519
3612
2371
3720
1052
3796
1468
4501
2410
211
2877
3676
4894
4299
2003
4834
1828
3996
699
1670
2930
4290
3180
4642
2701
743
1565
2828
2525
2330
1679
4449
2309
877
4366
3137
141
1202
1012
518
4618
3730
868
559
2060
308
4869
923
3898
1195
641
1783
3608
1191
1765
2318
3083
232
2314
1158
4050
4201
3253
1220
2106
104
4525
400
796
2841
1367
3003
4931
4909
4978
2874
3464
4793
3444
1293
2686
90
4623
4301
3309
4228
4971
2468
2682
4283
2081
2757
1844
2002
3407
493
2182
1693
2775
4472
3547
4012
1462
3652
1
4675
2062
622
1661
956
3465
3302
2780
863
3475
1481
1798
2130
4912
2686
909
1724
4153
2362
3407
1020
4969
2103
2089
104
2640
666
4649
2617
1880
4274
3128
2527
2527
4370
4399
2442
3140
1515
1364
13
1879
2823
2402
3890
692
1596
2575
1321
1700
628
572
1227
1117
4671
4536
2146
2750
2767
2061
2218
1100
1591
1786
2903
342
4945
1176
3449
3864
3351
2363
2031
4598
1613
3899
3911
1058
3014
3476
1072
1331
3728
875
1024
1562
998
2125
4715
4401
1243
395
1115
1030
2402
1621
4043
3607
4671
343
2934
4546
2525
911
3571
2594
1584
3459
1291
570
4256
1115
3246
2878
1166
2002
3667
4789
2394
1383
2635
2159
684
4459
616
3226
4937
3807
4955
2636
4759
3636
3917
1753
796
4617
3777
1057
1020
4314
1630
3568
4730
1630
4878
448
1993
3626
2142
66
1136
4751
4651
1522
824
204
3558
4716
1138
1062
3747
1220
2632
1856
1872
405
18
2936
226
6
4839
4041
2724
3033
2233
4551
502
1866
3778
3011
4612
589
4735
764
1945
689
2220
4335
2361
3855
1447
3584
3048
3463
2657
4238
3123
1310
2464
1726
75
3769
1882
3189
683
2536
2860
358
1508
2349
3878
1744
925
3468
1188
2028
3210
2829
1831
956
1001
4642
954
1364
1012
1603
1104
3320
1372
3594
3037
3677
4942
2862
2500
41
1995
28
4207
1362
197
592
585
4929
2346
2697
2248
143
3646
3948
1631
26
3652
4228
3678
488
3710
4120
2629
2484
1423
544
522
3344
1978
2871
3118
4141
864
3023
3352
117
2379
252
4525
479
341
3158
3093
881
3292
4866
1498
2430
4650
4487
1504
781
3642
2450
1802
987
719
4315
526
1807
4039
4947
1927
749
4174
4884
1518
859
4507
3421
886
4175
1671
2042
2073
4810
544
2716
4889
176
2594
1653
4913
2041
4250
4821
2328
705
3290
1737
1088
1740
1406
3432
4143
2271
4613
4743
1169
2705
669
16
61
1441
1833
4034
360
3345
4497
4607
3371
332
2647
2837
3
2093
4069
921
2465
4073
4867
3191
2314
3260
1478
2014
1669
2018
125
2174
1654
94
303
3718
2368
769
2758
3248
246
2525
2621
1374
4722
4930
825
274
2691
3580
2606
1303
2010
526
645
450
1409
4739
902
1098
77
1106
3546
3989
1864
4982
3784
4956
1994
117
4675
1932
3822
3270
3164
4001
3096
1287
782
918
3061
742
3072
3900
3747
1493
4812
2974
4616
1073
594
4523
725
3937
2093
1663
3724
4702
3760
1144
455
525
4664
2526
4434
2866
642
582
550
1216
1500
903
4533
4804
157
4394
3601
811
3371
694
981
3103
2775
3488
41
4055
3817
4116
3752
2264
2471
2843
1594
1358
1044
1228
3902
192
2816
4998
2278
4882
1615
127
3291
2147
945
4785
2693
4293
2857
1275
2754
4207
4499
880
1459
3387
3044
2760
4230
131
4081
4446
4058
3751
3721
2805
2688
3192
2206
2698
968
1694
3673
3489
2310
4995
3608
1050
3763
422
2536
3906
4513
1647
1863
2133
590
3438
4986
3270
1442
3834
1126
1080
1179
3671
3494
2348
1666
1941
3269
392
3596
3507
1379
4353
4286
4770
4566
698
4942
3767
3617
3246
1439
797
110
3178
3099
2518
2726
3821
3098
2553
1551
1585
969
2137
4767
627
4785
928
3178
2152
3117
1963
4976
4316
1545
1398
3909
220
1138
1619
2678
323
2018
1971
1986
149
3506
1351
3229
1314
4741
3195
2044
2427
871
4190
797
3099
2333
2706
3397
1915
77
3318
1094
2178
4710
3493
2997
4402
1160
12
3306
1992
3623
344
2422
2133
4506
4554
4236
3657
765
1687
1355
4132
3596
3890
1343
596
3970
1244
2720
1886
4833
3369
4430
4063
173
3022
3772
2248
2070
1365
380
3029
355
367
2104
1808
3183
1448
1558
4615
2951
4437
2584
2925
1993
3014
4326
801
1719
4945
203
3763
3868
2325
2348
1716
3463
1320
1583
2233
3059
277
1875
260
1487
1569
3553
2999
810
3233
2073
1030
2246
2307
2972
2303
3526
651
2792
3772
4034
1046
4884
2737
968
866
3811
4570
2310
712
4350
2961
1335
3807
2374
2499
1673
755
1725
1233
1760
3831
1183
4112
2931
190
4817
1496
1360
524
1019
3861
1435
3522
1121
1885
472
2809
2250
1070
3484
3717
1661
4359
1490
1619
1469
1225
841
1079
1149
4383
3230
663
2635
538
1705
3302
602
4724
1188
4277
4594
2640
821
1162
6
3717
713
1430
1933
4667
4194
3522
616
408
2128
4900
2492
1797
1040
2450
695
1208
1794
240
4566
4398
4007
3708
3779
4100
1340
2219
2111
2707
4607
2185
2218
889
2499
4589
2737
1760
3374
99
4892
2743
3046
2116
1527
3835
3872
717
3934
4095
69
2836
402
2048
2425
1353
1394
900
2831
4385
2085
667
4541
340
226
4758
3410
689
4879
3445
524
4312
4507
604
1503
4159
900
2600
2847
4093
3697
3782
1384
67
2145
187
4615
2410
4379
3923
3821
4258
2102
2002
4880
4214
1469
2974
1284
4703
2077
733
2104
4505
2565
3166
2902
369
4330
2596
1690
3185
3802
991
385
336
3823
1487
1900
254
3193
1932
2456
3457
4019
766
631
3687
2512
3138
4246
3136
1747
2354
2325
4912
3958
4519
3817
2129
773
771
4057
655
1788
4985
4091
1838
4439
2053
1309
712
301
1364
3833
1725
1553
2568
332
3332
2839
594
1957
1300
1987
2327
405
528
3522
1153
2710
3412
122
4523
3240
891
3181
4940
2670
1031
795
3794
9
3967
1355
4777
564
380
4560
959
1752
4114
2519
3723
2750
1546
4647
589
3109
2750
3585
4746
4877
2861
4452
3356
1355
2999
4588
2107
1922
2182
4462
3483
3062
1157
3972
681
1474
3846
1431
3653
3793
2130
3786
4708
1928
1184
3044
3334
1881
1599
852
1156
577
148
20
4734
2772
3369
1283
747
2895
1195
1132
317
3454
1697
3372
415
3585
2790
655
1747
83
4571
2996
191
2016
3376
2937
1642
2880
1992
1338
2652
2639
3982
2732
373
3080
3981
2881
1568
4176
1449
3846
393
3093
4340
4450
3399
1547
3480
3102
4366
2118
771
494
3166
2614
1569
1667
3977
1846
241
570
647
4410
4555
3938
1953
4043
3483
4538
1275
2115
4785
3047
4981
2571
532
1132
2785
2224
1836
3149
2618
2838
3504
3723
3212
2530
3431
1645
2796
4780
2660
4714
4120
4626
3374
3599
4091
829
3213
980
402
4903
2088
3357
115
2006
3459
4221
147
1483
1778
327
3584
4120
893
3855
3468
1795
3754
593
4846
301
3402
3073
2983
788
3805
935
2545
4895
183
2027
3809
892
381
448
4902
2473
2425
1746
4114
3695
442
3437
3524
1853
30
562
3133
2633
3826
2366
2820
1936
2061
4663
3412
1445
676
4246
409
2279
3149
766
558
2353
89
3966
2252
3412
4935
3359
1016
292
3778
2870
3355
3461
1854
1707
3496
657
436
1221
2985
4558
1677
1435
3765
646
1917
2300
101
67
268
3587
1017
3670
3931
730
261
3164
2064
117
3432
538
3766
476
602
908
1149
539
1343
2686
4480
1315
3837
2943
4670
4560
4896
4143
1367
3924
2171
1036
974
4214
2165
1919
3264
165
4265
2190
2655
3399
1034
3699
1730
2459
1243
3373
3932
1979
4170
3072
2411
1301
1353
3050
1220
2095
657
4817
3055
2301
3899
2923
645
3899
3459
2780
2707
4211
407
2695
2128
3527
4794
4134
2338
1562
2313
3700
3710
2403
3165
4804
1261
2474
2145
4109
3733
345
379
3979
3885
4572
1088
4343
2972
484
556
2198
3324
3033
2273
2850
894
1174
2733
393
3788
1645
2087
4619
2546
495
3768
4249
142
3266
1694
1817
3020
4540
299
3084
2347
3519
686
4206
4116
3748
1696
2186
4383
831
1959
3870
3364
216
340
2754
1493
1205
1048
4860
384
1695
704
3358
2117
4711
3885
972
1796
2323
4766
3106
1460
4211
261
4956
247
267
1542
3615
2038
4152
117
3507
3042
3885
401
524
3005
3983
4665
3397
4669
241
240
3710
913
2566
1668
3858
920
4524
1191
1051
4920
2540
1000
183
29
2151
2309
3285
2926
3868
504
929
992
3281
1955
4483
365
2527
1696
2496
1857
3275
2549
2783
210
3412
1710
815
4272
2402
2557
4394
4271
1179
1376
3350
2203
1044
4560
1419
774
2561
2195
1057
4713
2071
643
4154
2909
4292
4281
3209
1016
3971
4654
4209
1372
1931
3612
4541
277
2365
1756
2250
2820
3346
332
266
901
3044
1935
3488
4734
1200
3338
2950
3494
2462
1160
1297
2370
1372
401
4531
3480
1841
4648
942
1644
402
3479
4431
2339
1694
2037
4330
1641
1762
1908
1934
3849
3668
2430
2741
4773
2207
2151
2731
1886
3610
1735
592
2165
3193
809
4144
2666
364
4701
2610
2246
2919
3709
192
1280
2399
2445
990
956
1835
1533
1406
2123
3147
1977
2197
3403
1213
4891
2252
1120
1022
875
1601
32
298
2530
1134
1485
2649
4088
2251
2308
2900
664
2667
3971
2555
4955
3485
4181
4717
3445
4828
630
1893
3815
3290
189
2102
4816
843
1117
3543
2023
3362
4159
1839
1744
4634
1755
4404
2458
4124
602
366
2921
2027
4763
1055
3818
1060
3195
2746
278
3120
4122
4500
4308
1875
2228
3741
1841
4440
3817
943
2938
3043
958
4087
2679
4649
139
343
2433
3283
327
2602
1720
2146
3301
931
2084
2769
509
2127
2931
407
1321
2296
118
2598
4531
113
517
3265
3778
892
3712
1278
3083
3513
2895
4847
1062
2432
4393
3729
1272
1723
4104
1670
3312
4889
986
3532
3761
2209
1497
1049
3389
632
2278
4080
1186
3077
3402
4911
616
3731
4572
3782
1308
1501
1873
2680
1779
2789
2699
407
2931
36
203
1952
4513
2114
3734
3935
1169
2665
2754
2510
2222
3705
687
928
2784
3437
4382
3269
123
4641
4045
1256
362
3711
1407
1416
238
4757
2289
2530
1705
3548
4224
2478
56
2779
2715
2985
1363
4825
932
2760
2872
1149
1591
704
2940
2801
4080
1925
1085
2279
2450
2928
2055
1650
1474
2183
3119
1650
4215
460
3035
4112
4330
288
4541
537
3549
2044
2150
3344
1977
1418
2921
12
3175
3458
2508
4815
3775
668
3859
4827
4787
2042
3215
1850
4127
477
2543
1789
1556
2902
116
4513
966
3788
1958
3777
156
4598
4579
3887
2927
2488
4919
1948
2292
2122
652
2065
3214
2361
2929
910
512
780
3352
4442
500
2385
4301
1425
3572
3831
1453
2820
3047
26
2375
1595
2011
4557
4767
1334
4101
